965
180000
536870912
37
1920
17136
129600
100800
5824
10080
33401221
184320
327680
6037
23
2310
28672
4488
33696
21383
12800
2250
244944
14336
904152917
2736
6075
1817
75600
21600
194400
4655
259200
42120
13824
124416
96000
13680
805306368
46
375000
29
5184
5616
20480
78
633
3509575
50544
2000
11016
2403381
9000
8208
54880
320
47628
131980
157464
3375
9100
84240
42336
6552
51840
409342369
8316
26880
12096
7776
169344
23100
8772
118
32400
77760
2431
108
81920
24696
126720
48510
125
3645
25600
17424
115248
20000
30
36960
128
393660
15120
3360
1048576
31200
474
10368
2160
29700
35
135000
7392
432000
34020
35100
15390
9504
57624
23232
9180
922505446
168960
393216
27720
38400
71805
16
1323
9
288000
5016
101250
3864
226151256
4733
362880
123480
2592
42768
82944
40
32256
122880
17280
18720
67200
256000
345600
33
115200
12672
1584
94770
92
8976
150528
276480
49920
6930
501
40950
23115571
64800
57600
84
12544
65
41580
9450
216000
58320
44800
6750
22680
38880
4675
989447237
64512
2640
15400
1741
4312
54
7128
44
5657
192
4000
138240
13860
7296
34
181440
999999937
57
96
12000
60000
13122
172032
48
322560
524288
1008
11000
118263990
614400
2430
3000
112000
912
186624
74
291600
59400
10560
32768
6765
142884
8064
34848
18432
7389
120
14
3888
5808
13056
23328
4788
58054077
43680
504
268800
135
2340
54000
7056
165888
11340
7040
1701
21870
29250
405000
31
43200
1530
5760
2940
314928
26460
420
70235461
16200
128000
5600
31500
32076
65536
50688
92160
28
3564
94500
7025
665
94
53760
142560
49392
4560
104976
24750
29120
29400
215040
122
8087519
235200
93
5040
20160
41600
673921
38497
20592
21952
9425
90
204120
16464
101
546
1848
48384
480000
36
4410
49500
5361
986129769
983900459
518400
322081025
2880
625433749
56700
126
14400
89100
86
200000
1056
49
660
4480
82268566
155520
25002
95
96228
9827
76800
5721
123
51
270000
18000
6840
91857
472392
957262828
16224
307200
4725
12288
5073
71280
1600
68
21384
53940
112896
1500
17
5400
432255
16380
50000
6
56
24480
15876
25490988
810
107
217728
954158175
216
17550
1
998506315
22
40960
80640
653477439
3584
13
8448
49152
84579
473
89600
116
24000
13230
170
5044
2025
179200
76
52800
100696425
27216
22464
3960
49000
622080
108000
112
27456
76032
28800
1615
58
11264
30720
84480
127008
131
139968
12870
51030
300
3510
587234
16000
12240
782
28512
813
72
4704
67893369
18480
32
73728
62
281
117
78750
42
482421315
1134
69120
87480
2618049
4032
90720
52416
8320
301056
124
340200
81000
95040
22848
476014
2352
66
589833267
1904
576
6480
60480
16800
64922375
134400
18
248832
8347
21000
110592
373248
281250
103680
70200
97200
2200
725573
64152
900360029
8372259
4160
133650
688978813
153600
147456
44550
517759
5
524880
5767201
30973
85536
8000
25200
324000
1620
42000
252000
42105
3072
25
52
114688
10752
211680
9800
93312
37440
233280
19656
934
209952
9900
176400
5625
33108
201600
4752
10
3
17640
39936
52488
1632
546750
31752
9409159
230400
1800
43
2156
78000
69984
2268
98
193
3696
699840
6541551
88704
64
6720
23760
198450
32670
25920
85
8660
144000
414720
641
7390
40824
87
34560
349920
5304
999999999
29484
1260
21
70400
468
102
49896
35503
132000
448
257
42755209
79200
72000
98304
121
3264
30030
916855204
72900
9216
391
120000
77
81
7785
8
3312
98415
4536
4620
786432
3900
10500
4680
18816
1249
994617
13440
646
8960
1764
17820
193536
7500
949106497
2520
27
245760
105
5200
81648
48000
11664
300000
104
163840
7290
118800
1100
48238
74088
22500
559
83
926315427
2070
36283838
5346
5940
262440
3168
94080
9600
70
14112
700
6600
164640
1824
27184698
4320
14040
8100
61966
7680
864
214573
110
746803744
8424
15680
240000
4050
34300
1836
67584
67500
127
64680
306180
998244353
96768
136080
336000
202500
2707
95256
2097152
792
79548
10240
16524
15750
7200
59136
221184
7938
180
460800
105840
39600
361
57024
1386
5297
4896
396
40320
8250
110250
19008
168000
26
971866761
67
35640
34111
459270
8640
630
816
1680
129
69888
34944
8826131
21504
174960
1728
15552
4914
938017885
13500
24192
23814
74880
8748
99
63504
33792
621008
241920
75
17920
32805
63180
8400
54600
61440
182250
207360
36864
108864
122877509
12348
32640
3371
540
55296
442368
294912
44928
48600
3240
12768
768
129024
5601
89
145152
29160
70560
8550
388800
672
288
68040
4800
109
29952
1512
3456
47040
86400
60
151200
5250
11232
192000
132300
47958485
113
15840
189
311040
33750
1000000000
466560
22950
655360
30240
161280
961175759
49280
45
3157819
63360
900
150000
5280
3528
999999998
16128
56160
6399199
58800
72576
45000
7560
243000
14560
196608
83160
1001604
92317161
2906162
282791
131220
368640
2560
331776
28000
2688
80949857
162000
23040
55
53
31104
119
364500
31590
14700
787320
491520
69
43740
50
486000
92400
19800
163296
15
8015864
5120
1440
2600
141120
24576
57344
9240
981028563
45360
10260
4374
37800
24300
27000
85050
62208
987
5520
11085765
1000000
4200
47473
4943
38
21840
19440
323
73
1944
519
116640
236250
15288
510205
52920
9408
32000
79
3120
41472
145800
56448
346742385
194241
640
4158
2304
7
160
63
97
2016
552960
84000
22176
66150
1001
4539685
99000
46080
1520
360000
103
80
4608
567
697106497
50400
1671
170100
430080
6804
405
20328
3024
12150
59
10800
106
224
696
33600
2100
91
408240
99840
3600
23400
2720
35280
61740
1215
2730
47
6400
66528
395
18240
65610
105000
7920
19200
11
86016
5000
7897861
967669583
5376
583200
12960
2400
115
8624
1890
71
14688
21168
2
88
70000
31680
6300
111
10710
441
10000
105600
969
46464
125440
85712697
3780
226800
9489
6144
4
102060
85881
118272
16320
107520
2376
28080
20
7455307
964532929
24
362
54432
302400
1960
225792
457481
63000
20736
75264
38016
279936
