Case #1: 16 2 2 2 2 2 3 3 5 5 5 5 1 1 1 1 1
Case #2: -1
Case #3: 5 1 1 1 1 37
Case #4: 28 2 2 2 2 2 2 2 3 5 1 1 1 1 1 1 1 1 1 1 1 1 1 1 1 1 1 1 1
Case #5: 11 2 2 2 2 3 3 7 17 1 1 1
Case #6: 19 2 2 2 2 2 2 3 3 3 3 5 5 1 1 1 1 1 1 1
Case #7: 17 2 2 2 2 2 2 3 3 5 5 7 1 1 1 1 1 1
Case #8: 17 2 2 2 2 2 2 7 13 1 1 1 1 1 1 1 1 1
Case #9: 22 2 2 2 2 2 3 3 5 7 1 1 1 1 1 1 1 1 1 1 1 1 1
Case #10: -1
Case #11: 21 2 2 2 2 2 2 2 2 2 2 2 2 3 3 5 1 1 1 1 1 1
Case #12: 21 2 2 2 2 2 2 2 2 2 2 2 2 2 2 2 2 5 1 1 1 1
Case #13: -1
Case #14: 19 1 1 1 1 1 1 1 1 1 1 1 1 1 1 1 1 1 1 23
Case #15: 18 2 3 5 7 11 1 1 1 1 1 1 1 1 1 1 1 1 1
Case #16: 23 2 2 2 2 2 2 2 2 2 2 2 2 7 1 1 1 1 1 1 1 1 1 1
Case #17: 10 2 2 2 3 11 17 1 1 1 1
Case #18: 16 2 2 2 2 2 3 3 3 3 13 1 1 1 1 1 1
Case #19: -1
Case #20: 24 2 2 2 2 2 2 2 2 2 5 5 1 1 1 1 1 1 1 1 1 1 1 1 1
Case #21: 24 2 3 3 5 5 5 1 1 1 1 1 1 1 1 1 1 1 1 1 1 1 1 1 1
Case #22: 17 2 2 2 2 3 3 3 3 3 3 3 7 1 1 1 1 1
Case #23: 24 2 2 2 2 2 2 2 2 2 2 2 7 1 1 1 1 1 1 1 1 1 1 1 1
Case #24: -1
Case #25: 15 2 2 2 2 3 3 19 1 1 1 1 1 1 1 1
Case #26: 23 3 3 3 3 3 5 5 1 1 1 1 1 1 1 1 1 1 1 1 1 1 1 1
Case #27: -1
Case #28: 17 2 2 2 2 3 3 3 5 5 7 1 1 1 1 1 1 1
Case #29: 22 2 2 2 2 2 3 3 3 5 5 1 1 1 1 1 1 1 1 1 1 1 1
Case #30: 18 2 2 2 2 2 3 3 3 3 3 5 5 1 1 1 1 1 1
Case #31: 7 5 7 7 19 1 1 1
Case #32: 18 2 2 2 2 2 2 2 3 3 3 3 5 5 1 1 1 1 1
Case #33: 14 2 2 2 3 3 3 3 5 13 1 1 1 1 1
Case #34: 26 2 2 2 2 2 2 2 2 2 3 3 3 1 1 1 1 1 1 1 1 1 1 1 1 1 1
Case #35: 22 2 2 2 2 2 2 2 2 2 3 3 3 3 3 1 1 1 1 1 1 1 1
Case #36: 19 2 2 2 2 2 2 2 2 3 5 5 5 1 1 1 1 1 1 1
Case #37: 11 2 2 2 2 3 3 5 19 1 1 1
Case #38: -1
Case #39: 18 2 23 1 1 1 1 1 1 1 1 1 1 1 1 1 1 1 1
Case #40: 12 2 2 2 3 5 5 5 5 5 5 1 1
Case #41: 13 1 1 1 1 1 1 1 1 1 1 1 1 29
Case #42: 27 2 2 2 2 2 2 3 3 3 3 1 1 1 1 1 1 1 1 1 1 1 1 1 1 1 1 1
Case #43: 19 2 2 2 2 3 3 3 13 1 1 1 1 1 1 1 1 1 1 1
Case #44: 25 2 2 2 2 2 2 2 2 2 2 2 2 5 1 1 1 1 1 1 1 1 1 1 1 1
Case #45: 26 2 3 13 1 1 1 1 1 1 1 1 1 1 1 1 1 1 1 1 1 1 1 1 1 1 1
Case #46: -1
Case #47: -1
Case #48: 15 2 2 2 2 3 3 3 3 3 13 1 1 1 1 1
Case #49: 25 2 2 2 2 5 5 5 1 1 1 1 1 1 1 1 1 1 1 1 1 1 1 1 1 1
Case #50: 14 2 2 2 3 3 3 3 17 1 1 1 1 1 1
Case #51: -1
Case #52: 22 2 2 2 3 3 5 5 5 1 1 1 1 1 1 1 1 1 1 1 1 1 1
Case #53: 13 2 2 2 2 3 3 3 19 1 1 1 1 1
Case #54: 14 2 2 2 2 2 5 7 7 7 1 1 1 1 1
Case #55: 31 2 2 2 2 2 2 5 1 1 1 1 1 1 1 1 1 1 1 1 1 1 1 1 1 1 1 1 1 1 1 1
Case #56: 17 2 2 3 3 3 3 3 7 7 1 1 1 1 1 1 1 1
Case #57: -1
Case #58: 20 2 2 2 3 3 3 3 3 3 3 3 3 1 1 1 1 1 1 1 1
Case #59: 23 3 3 3 5 5 5 1 1 1 1 1 1 1 1 1 1 1 1 1 1 1 1 1
Case #60: 13 2 2 5 5 7 13 1 1 1 1 1 1 1
Case #61: 13 2 2 2 2 3 3 3 3 5 13 1 1 1
Case #62: 18 2 2 2 2 2 3 3 3 7 7 1 1 1 1 1 1 1 1
Case #63: 16 2 2 2 3 3 7 13 1 1 1 1 1 1 1 1 1
Case #64: 22 2 2 2 2 2 2 2 3 3 3 3 5 1 1 1 1 1 1 1 1 1 1
Case #65: -1
Case #66: 17 2 2 3 3 3 7 11 1 1 1 1 1 1 1 1 1 1
Case #67: 21 2 2 2 2 2 2 2 2 3 5 7 1 1 1 1 1 1 1 1 1 1
Case #68: 23 2 2 2 2 2 2 3 3 3 7 1 1 1 1 1 1 1 1 1 1 1 1 1
Case #69: 26 2 2 2 2 2 3 3 3 3 3 1 1 1 1 1 1 1 1 1 1 1 1 1 1 1 1
Case #70: 16 2 2 2 2 2 2 2 3 3 3 7 7 1 1 1 1
Case #71: 13 2 2 3 5 5 7 11 1 1 1 1 1 1
Case #72: -1
Case #73: -1
Case #74: 21 2 2 2 2 3 3 3 3 5 5 1 1 1 1 1 1 1 1 1 1 1
Case #75: 21 2 2 2 2 2 2 3 3 3 3 3 5 1 1 1 1 1 1 1 1 1
Case #76: 3 11 13 17
Case #77: 33 2 2 3 3 3 1 1 1 1 1 1 1 1 1 1 1 1 1 1 1 1 1 1 1 1 1 1 1 1 1 1 1 1
Case #78: 23 2 2 2 2 2 2 2 2 2 2 2 2 2 2 5 1 1 1 1 1 1 1 1
Case #79: 16 2 2 2 3 3 7 7 7 1 1 1 1 1 1 1 1
Case #80: 15 2 2 2 2 2 2 2 2 3 3 5 11 1 1 1
Case #81: 10 2 3 3 5 7 7 11 1 1 1
Case #82: 29 5 5 5 1 1 1 1 1 1 1 1 1 1 1 1 1 1 1 1 1 1 1 1 1 1 1 1 1 1
Case #83: 25 3 3 3 3 3 3 5 1 1 1 1 1 1 1 1 1 1 1 1 1 1 1 1 1 1
Case #84: 23 2 2 2 2 2 2 2 2 2 2 5 5 1 1 1 1 1 1 1 1 1 1 1
Case #85: 13 2 2 2 2 3 3 11 11 1 1 1 1 1
Case #86: 11 2 2 2 2 3 7 7 7 7 1 1
Case #87: 20 2 2 2 2 2 5 5 5 5 1 1 1 1 1 1 1 1 1 1 1
Case #88: 12 1 1 1 1 1 1 1 1 1 1 1 30
Case #89: 14 2 2 2 2 2 3 5 7 11 1 1 1 1 1
Case #90: 34 2 2 2 2 2 2 2 1 1 1 1 1 1 1 1 1 1 1 1 1 1 1 1 1 1 1 1 1 1 1 1 1 1 1
Case #91: 17 2 2 3 3 3 3 3 3 3 3 3 5 1 1 1 1 1
Case #92: 21 2 2 2 2 3 3 3 5 7 1 1 1 1 1 1 1 1 1 1 1 1
Case #93: 24 2 2 2 2 2 3 5 7 1 1 1 1 1 1 1 1 1 1 1 1 1 1 1 1
Case #94: 21 2 2 2 2 2 2 2 2 2 2 2 2 2 2 2 2 2 2 2 2 1
Case #95: 14 2 2 2 2 2 3 5 5 13 1 1 1 1 1
Case #96: -1
Case #97: 26 2 2 2 2 2 2 2 3 3 3 3 1 1 1 1 1 1 1 1 1 1 1 1 1 1 1
Case #98: 27 2 2 2 2 3 3 3 5 1 1 1 1 1 1 1 1 1 1 1 1 1 1 1 1 1 1 1
Case #99: 15 2 2 3 3 3 5 5 11 1 1 1 1 1 1 1
Case #100: 7 1 1 1 1 1 1 35
Case #101: 16 2 2 2 3 3 3 5 5 5 5 1 1 1 1 1 1
Case #102: 18 2 2 2 2 2 3 7 11 1 1 1 1 1 1 1 1 1 1
Case #103: 16 2 2 2 2 2 2 2 3 3 3 5 5 5 1 1 1
Case #104: 19 2 2 3 3 3 3 3 5 7 1 1 1 1 1 1 1 1 1 1
Case #105: 13 2 2 3 3 3 5 5 13 1 1 1 1 1
Case #106: 10 2 3 3 3 3 5 19 1 1 1
Case #107: 20 2 2 2 2 2 3 3 3 11 1 1 1 1 1 1 1 1 1 1 1
Case #108: 12 2 2 2 3 7 7 7 7 1 1 1 1
Case #109: 13 2 2 2 2 2 2 3 11 11 1 1 1 1
Case #110: 13 2 2 3 3 3 5 17 1 1 1 1 1 1
Case #111: -1
Case #112: 15 2 2 2 2 2 2 2 2 2 2 3 5 11 1 1
Case #113: 22 2 2 2 2 2 2 2 2 2 2 2 2 2 2 2 2 2 3 1 1 1 1
Case #114: 14 2 2 2 3 3 5 7 11 1 1 1 1 1 1
Case #115: 22 2 2 2 2 2 2 2 2 2 3 5 5 1 1 1 1 1 1 1 1 1 1
Case #116: -1
Case #117: 26 1 1 1 1 1 1 1 1 1 1 1 1 1 1 1 1 1 1 1 1 1 1 1 1 1 16
Case #118: 23 3 3 3 7 7 1 1 1 1 1 1 1 1 1 1 1 1 1 1 1 1 1 1
Case #119: 33 1 1 1 1 1 1 1 1 1 1 1 1 1 1 1 1 1 1 1 1 1 1 1 1 1 1 1 1 1 1 1 1 9
Case #120: 17 2 2 2 2 2 2 2 2 3 3 5 5 5 1 1 1 1
Case #121: 8 2 2 2 3 11 19 1 1
Case #122: 16 2 3 3 3 3 5 5 5 5 1 1 1 1 1 1 1
Case #123: 8 2 2 2 3 7 23 1 1
Case #124: -1
Case #125: -1
Case #126: 16 2 2 2 2 2 2 2 3 3 3 3 5 7 1 1 1
Case #127: 12 2 2 2 3 3 5 7 7 7 1 1 1
Case #128: 28 2 2 2 2 2 3 3 3 3 1 1 1 1 1 1 1 1 1 1 1 1 1 1 1 1 1 1 1
Case #129: 17 2 2 2 2 3 3 3 3 3 11 1 1 1 1 1 1 1
Case #130: 23 2 2 2 2 2 2 2 2 2 2 3 3 3 3 1 1 1 1 1 1 1 1 1
Case #131: 2 1 40
Case #132: 22 2 2 2 2 2 2 2 2 2 3 3 7 1 1 1 1 1 1 1 1 1 1
Case #133: 22 2 2 2 2 2 2 2 2 2 2 2 2 2 3 5 1 1 1 1 1 1 1
Case #134: 24 2 2 2 2 2 2 2 3 3 3 5 1 1 1 1 1 1 1 1 1 1 1 1 1
Case #135: 16 2 2 2 2 2 3 3 5 13 1 1 1 1 1 1 1
Case #136: 18 2 2 2 2 2 2 2 3 5 5 7 1 1 1 1 1 1 1
Case #137: 18 2 2 2 2 2 2 2 2 2 2 2 5 5 5 1 1 1 1
Case #138: 18 2 2 2 2 2 2 2 2 2 3 3 3 5 5 1 1 1 1
Case #139: 9 1 1 1 1 1 1 1 1 33
Case #140: 20 2 2 2 2 2 2 2 2 2 3 3 5 5 1 1 1 1 1 1 1
Case #141: 20 2 2 2 2 2 2 2 3 3 11 1 1 1 1 1 1 1 1 1 1
Case #142: 23 2 2 2 2 3 3 11 1 1 1 1 1 1 1 1 1 1 1 1 1 1 1 1
Case #143: 12 2 3 3 3 3 3 3 5 13 1 1 1
Case #144: 17 2 2 23 1 1 1 1 1 1 1 1 1 1 1 1 1 1
Case #145: 9 2 2 2 2 3 11 17 1 1
Case #146: 17 2 2 2 2 2 2 2 2 2 2 3 7 7 1 1 1 1
Case #147: 20 2 2 2 2 2 2 2 2 2 2 2 3 3 3 5 1 1 1 1 1
Case #148: 15 2 2 2 2 2 2 2 2 3 5 13 1 1 1 1
Case #149: 16 2 3 3 5 7 11 1 1 1 1 1 1 1 1 1 1
Case #150: -1
Case #151: 10 2 3 3 5 5 7 13 1 1 1
Case #152: -1
Case #153: 20 2 2 2 2 2 3 3 3 3 5 5 1 1 1 1 1 1 1 1 1
Case #154: 21 2 2 2 2 2 2 2 2 3 3 5 5 1 1 1 1 1 1 1 1 1
Case #155: 31 2 2 3 7 1 1 1 1 1 1 1 1 1 1 1 1 1 1 1 1 1 1 1 1 1 1 1 1 1 1 1
Case #156: 21 2 2 2 2 2 2 2 2 7 7 1 1 1 1 1 1 1 1 1 1 1
Case #157: 25 5 13 1 1 1 1 1 1 1 1 1 1 1 1 1 1 1 1 1 1 1 1 1 1 1
Case #158: 13 2 2 3 3 3 5 7 11 1 1 1 1 1
Case #159: 20 2 3 3 3 5 5 7 1 1 1 1 1 1 1 1 1 1 1 1 1
Case #160: 17 2 2 2 2 2 2 3 3 3 5 5 5 1 1 1 1 1
Case #161: 21 2 2 2 2 3 3 3 3 3 3 5 1 1 1 1 1 1 1 1 1 1
Case #162: 19 2 2 2 2 2 2 2 2 5 5 7 1 1 1 1 1 1 1 1
Case #163: 22 2 3 3 3 5 5 5 1 1 1 1 1 1 1 1 1 1 1 1 1 1 1
Case #164: 20 2 2 2 3 3 3 3 5 7 1 1 1 1 1 1 1 1 1 1 1
Case #165: 22 2 2 2 2 2 3 3 3 3 3 5 1 1 1 1 1 1 1 1 1 1 1
Case #166: 7 5 5 11 17 1 1 1
Case #167: -1
Case #168: 21 2 2 2 2 2 2 2 2 2 2 3 3 7 1 1 1 1 1 1 1 1
Case #169: 21 2 2 2 2 3 5 11 1 1 1 1 1 1 1 1 1 1 1 1 1 1
Case #170: 14 2 2 2 5 5 7 11 1 1 1 1 1 1 1
Case #171: -1
Case #172: 16 2 2 2 7 7 11 1 1 1 1 1 1 1 1 1 1
Case #173: 34 2 3 3 3 1 1 1 1 1 1 1 1 1 1 1 1 1 1 1 1 1 1 1 1 1 1 1 1 1 1 1 1 1 1
Case #174: 20 2 2 2 3 3 3 3 11 1 1 1 1 1 1 1 1 1 1 1 1
Case #175: 29 2 2 11 1 1 1 1 1 1 1 1 1 1 1 1 1 1 1 1 1 1 1 1 1 1 1 1 1 1
Case #176: -1
Case #177: 33 2 2 2 2 2 2 3 1 1 1 1 1 1 1 1 1 1 1 1 1 1 1 1 1 1 1 1 1 1 1 1 1 1
Case #178: 24 2 2 2 2 2 5 5 5 1 1 1 1 1 1 1 1 1 1 1 1 1 1 1 1
Case #179: 21 2 2 2 2 2 2 2 2 2 2 3 3 3 5 1 1 1 1 1 1 1
Case #180: 15 2 2 3 3 5 7 11 1 1 1 1 1 1 1 1
Case #181: 14 2 2 2 2 2 2 2 3 19 1 1 1 1 1
Case #182: 8 1 1 1 1 1 1 1 34
Case #183: 17 2 2 2 2 2 2 3 3 3 3 5 7 1 1 1 1 1
Case #184: -1
Case #185: 21 3 19 1 1 1 1 1 1 1 1 1 1 1 1 1 1 1 1 1 1 1
Case #186: 34 2 2 2 2 2 3 1 1 1 1 1 1 1 1 1 1 1 1 1 1 1 1 1 1 1 1 1 1 1 1 1 1 1 1
Case #187: 22 2 2 2 2 2 3 5 5 5 1 1 1 1 1 1 1 1 1 1 1 1 1
Case #188: 18 2 2 2 2 2 3 5 5 5 5 1 1 1 1 1 1 1 1
Case #189: 24 2 3 3 3 3 3 3 3 3 1 1 1 1 1 1 1 1 1 1 1 1 1 1 1
Case #190: 20 2 2 2 2 2 2 2 2 2 2 2 2 2 3 7 1 1 1 1 1
Case #191: 35 2 2 2 2 3 1 1 1 1 1 1 1 1 1 1 1 1 1 1 1 1 1 1 1 1 1 1 1 1 1 1 1 1 1 1
Case #192: 17 2 2 2 2 2 2 2 2 2 2 3 3 5 7 1 1 1
Case #193: 22 2 2 2 2 2 2 2 2 2 2 2 2 2 2 2 2 2 2 2 1 1 1
Case #194: 27 2 2 2 2 3 3 7 1 1 1 1 1 1 1 1 1 1 1 1 1 1 1 1 1 1 1 1
Case #195: 16 2 2 2 5 5 5 11 1 1 1 1 1 1 1 1 1
Case #196: -1
Case #197: 18 2 2 2 2 2 2 2 2 2 2 2 2 2 3 5 5 1 1
Case #198: 26 2 3 3 3 3 3 5 1 1 1 1 1 1 1 1 1 1 1 1 1 1 1 1 1 1 1
Case #199: 24 2 2 2 3 5 5 5 1 1 1 1 1 1 1 1 1 1 1 1 1 1 1 1 1
Case #200: 16 2 2 2 2 2 2 2 5 5 5 7 1 1 1 1 1
Case #201: 17 2 2 2 2 3 19 1 1 1 1 1 1 1 1 1 1 1
Case #202: 21 2 2 2 2 2 2 2 2 3 3 3 3 3 3 1 1 1 1 1 1 1
Case #203: 4 2 37 1 1
Case #204: 17 2 2 2 2 3 3 3 3 3 3 5 5 1 1 1 1 1
Case #205: 14 2 2 2 3 3 3 5 5 11 1 1 1 1 1
Case #206: 19 2 2 2 2 2 2 3 5 11 1 1 1 1 1 1 1 1 1 1
Case #207: 26 2 2 2 2 2 2 2 2 2 2 2 2 2 2 2 1 1 1 1 1 1 1 1 1 1 1
Case #208: -1
Case #209: 15 2 2 3 3 3 3 3 3 7 7 1 1 1 1 1
Case #210: 24 2 2 2 2 2 2 2 3 3 7 1 1 1 1 1 1 1 1 1 1 1 1 1 1
Case #211: 12 2 2 2 2 2 3 3 11 11 1 1 1
Case #212: 26 2 2 2 2 2 2 2 2 2 2 2 3 3 1 1 1 1 1 1 1 1 1 1 1 1 1
Case #213: -1
Case #214: 32 2 2 2 3 5 1 1 1 1 1 1 1 1 1 1 1 1 1 1 1 1 1 1 1 1 1 1 1 1 1 1 1
Case #215: 28 1 1 1 1 1 1 1 1 1 1 1 1 1 1 1 1 1 1 1 1 1 1 1 1 1 1 1 14
Case #216: 27 2 2 2 2 3 3 3 3 3 1 1 1 1 1 1 1 1 1 1 1 1 1 1 1 1 1 1
Case #217: 15 2 2 2 2 3 11 11 1 1 1 1 1 1 1 1
Case #218: 15 2 2 2 2 2 2 2 2 3 17 1 1 1 1 1
Case #219: 24 2 2 2 2 2 3 3 3 3 3 3 1 1 1 1 1 1 1 1 1 1 1 1 1
Case #220: 11 2 2 3 3 7 19 1 1 1 1 1
Case #221: -1
Case #222: 12 2 2 2 2 2 3 5 7 13 1 1 1
Case #223: 28 2 2 2 3 3 7 1 1 1 1 1 1 1 1 1 1 1 1 1 1 1 1 1 1 1 1 1 1
Case #224: 16 2 2 2 2 2 2 2 2 2 3 5 5 7 1 1 1
Case #225: 31 3 3 3 5 1 1 1 1 1 1 1 1 1 1 1 1 1 1 1 1 1 1 1 1 1 1 1 1 1 1 1
Case #226: 19 2 2 3 3 5 13 1 1 1 1 1 1 1 1 1 1 1 1 1
Case #227: 19 2 2 2 2 3 3 3 5 5 5 1 1 1 1 1 1 1 1 1
Case #228: 21 2 2 2 2 3 3 7 7 1 1 1 1 1 1 1 1 1 1 1 1 1
Case #229: 22 2 2 2 2 2 2 2 2 2 2 2 3 3 3 3 1 1 1 1 1 1 1
Case #230: 21 2 2 3 3 3 3 5 7 1 1 1 1 1 1 1 1 1 1 1 1 1
Case #231: 20 2 2 2 2 2 2 2 5 11 1 1 1 1 1 1 1 1 1 1 1
Case #232: 25 3 3 3 3 3 7 1 1 1 1 1 1 1 1 1 1 1 1 1 1 1 1 1 1 1
Case #233: 22 2 3 3 3 3 3 3 3 5 1 1 1 1 1 1 1 1 1 1 1 1 1
Case #234: 12 2 3 3 5 5 5 13 1 1 1 1 1
Case #235: 14 2 2 2 3 3 3 3 5 5 5 5 1 1 1
Case #236: 11 1 1 1 1 1 1 1 1 1 1 31
Case #237: 21 2 2 2 2 2 2 3 3 3 5 5 1 1 1 1 1 1 1 1 1 1
Case #238: 16 2 3 3 5 17 1 1 1 1 1 1 1 1 1 1 1
Case #239: 26 2 2 2 2 2 2 2 3 3 5 1 1 1 1 1 1 1 1 1 1 1 1 1 1 1 1
Case #240: 21 2 2 3 5 7 7 1 1 1 1 1 1 1 1 1 1 1 1 1 1 1
Case #241: 19 2 2 2 2 3 3 3 3 3 3 3 3 3 1 1 1 1 1 1
Case #242: 17 2 2 3 3 3 5 7 7 1 1 1 1 1 1 1 1 1
Case #243: 27 2 2 3 5 7 1 1 1 1 1 1 1 1 1 1 1 1 1 1 1 1 1 1 1 1 1 1
Case #244: -1
Case #245: 22 2 2 2 3 3 3 3 5 5 1 1 1 1 1 1 1 1 1 1 1 1 1
Case #246: 19 2 2 2 2 2 2 2 2 2 2 5 5 5 1 1 1 1 1 1
Case #247: 22 2 2 2 2 2 5 5 7 1 1 1 1 1 1 1 1 1 1 1 1 1 1
Case #248: 17 2 2 3 3 5 5 5 7 1 1 1 1 1 1 1 1 1
Case #249: 17 2 2 3 3 3 3 3 3 11 1 1 1 1 1 1 1 1
Case #250: 25 2 2 2 2 2 2 2 2 2 2 2 2 2 2 2 2 1 1 1 1 1 1 1 1 1
Case #251: 18 2 2 2 2 2 2 2 2 2 3 3 11 1 1 1 1 1 1
Case #252: 22 2 2 2 2 2 2 2 2 2 2 2 3 3 5 1 1 1 1 1 1 1 1
Case #253: 14 1 1 1 1 1 1 1 1 1 1 1 1 1 28
Case #254: 21 2 2 3 3 3 3 11 1 1 1 1 1 1 1 1 1 1 1 1 1 1
Case #255: 15 2 2 3 3 3 5 5 5 7 1 1 1 1 1 1
Case #256: -1
Case #257: 13 5 7 19 1 1 1 1 1 1 1 1 1 1
Case #258: -1
Case #259: 20 2 2 2 2 2 2 2 2 2 3 5 7 1 1 1 1 1 1 1 1
Case #260: 14 2 2 2 2 2 3 3 3 3 5 11 1 1 1
Case #261: 15 2 2 2 2 3 3 7 7 7 1 1 1 1 1 1
Case #262: 13 2 2 2 2 3 5 19 1 1 1 1 1 1
Case #263: 21 2 2 2 2 3 3 3 3 3 3 3 3 1 1 1 1 1 1 1 1 1
Case #264: 14 2 3 3 5 5 5 11 1 1 1 1 1 1 1
Case #265: 13 2 2 2 2 2 2 5 7 13 1 1 1 1
Case #266: 16 2 2 2 3 5 5 7 7 1 1 1 1 1 1 1 1
Case #267: 18 2 2 2 2 2 2 2 2 2 2 2 3 5 7 1 1 1 1
Case #268: -1
Case #269: -1
Case #270: 13 2 2 2 2 2 2 3 5 5 7 7 1 1
Case #271: 9 3 31 1 1 1 1 1 1 1
Case #272: 23 2 2 2 2 3 3 5 7 1 1 1 1 1 1 1 1 1 1 1 1 1 1 1
Case #273: 21 2 2 2 2 2 2 3 3 5 7 1 1 1 1 1 1 1 1 1 1 1
Case #274: 14 2 2 2 2 2 2 2 5 5 13 1 1 1 1
Case #275: -1
Case #276: -1
Case #277: 11 2 2 2 2 3 3 11 13 1 1 1
Case #278: 17 2 2 2 2 2 2 7 7 7 1 1 1 1 1 1 1 1
Case #279: -1
Case #280: 32 2 3 3 5 1 1 1 1 1 1 1 1 1 1 1 1 1 1 1 1 1 1 1 1 1 1 1 1 1 1 1 1
Case #281: 16 2 2 2 3 3 3 3 3 3 5 7 1 1 1 1 1
Case #282: 17 2 2 2 2 3 7 7 7 1 1 1 1 1 1 1 1 1
Case #283: -1
Case #284: 20 2 3 7 13 1 1 1 1 1 1 1 1 1 1 1 1 1 1 1 1
Case #285: 20 2 2 2 3 7 11 1 1 1 1 1 1 1 1 1 1 1 1 1 1
Case #286: 21 2 2 2 2 2 2 2 2 3 3 3 7 1 1 1 1 1 1 1 1 1
Case #287: 15 2 2 2 2 2 2 2 2 3 5 5 5 5 1 1
Case #288: 6 1 1 1 1 1 36
Case #289: 20 2 3 3 5 7 7 1 1 1 1 1 1 1 1 1 1 1 1 1 1
Case #290: 13 2 2 3 3 5 5 5 11 1 1 1 1 1
Case #291: -1
Case #292: -1
Case #293: -1
Case #294: 17 2 2 2 2 2 2 2 2 3 3 3 3 5 5 1 1 1
Case #295: -1
Case #296: 27 2 2 2 2 2 2 3 3 5 1 1 1 1 1 1 1 1 1 1 1 1 1 1 1 1 1 1
Case #297: -1
Case #298: 17 2 2 3 3 3 3 5 5 7 1 1 1 1 1 1 1 1
Case #299: 30 2 3 3 7 1 1 1 1 1 1 1 1 1 1 1 1 1 1 1 1 1 1 1 1 1 1 1 1 1 1
Case #300: 23 2 2 2 2 2 2 3 3 5 5 1 1 1 1 1 1 1 1 1 1 1 1 1
Case #301: 13 2 2 3 3 3 3 5 5 11 1 1 1 1
Case #302: -1
Case #303: 15 2 2 2 2 2 2 5 5 5 5 5 1 1 1 1
Case #304: 24 2 2 2 2 2 3 11 1 1 1 1 1 1 1 1 1 1 1 1 1 1 1 1 1
Case #305: 29 7 7 1 1 1 1 1 1 1 1 1 1 1 1 1 1 1 1 1 1 1 1 1 1 1 1 1 1 1
Case #306: 23 2 2 3 5 11 1 1 1 1 1 1 1 1 1 1 1 1 1 1 1 1 1 1
Case #307: 24 2 2 2 2 2 2 2 5 7 1 1 1 1 1 1 1 1 1 1 1 1 1 1 1
Case #308: -1
Case #309: 20 2 2 2 2 2 2 2 3 3 3 3 3 5 1 1 1 1 1 1 1
Case #310: -1
Case #311: 19 5 19 1 1 1 1 1 1 1 1 1 1 1 1 1 1 1 1 1
Case #312: 15 2 2 3 3 3 3 3 3 3 11 1 1 1 1 1
Case #313: -1
Case #314: 21 2 2 2 2 2 2 2 2 2 2 3 5 5 1 1 1 1 1 1 1 1
Case #315: -1
Case #316: -1
Case #317: 23 3 17 1 1 1 1 1 1 1 1 1 1 1 1 1 1 1 1 1 1 1 1 1
Case #318: 15 2 2 2 2 3 3 3 5 5 5 5 1 1 1 1
Case #319: 21 2 2 2 2 3 3 5 5 5 1 1 1 1 1 1 1 1 1 1 1 1
Case #320: 12 2 2 2 3 3 5 19 1 1 1 1 1
Case #321: -1
Case #322: 18 2 2 2 3 3 3 3 3 3 3 3 3 3 1 1 1 1 1
Case #323: -1
Case #324: 10 2 2 2 2 2 3 13 13 1 1
Case #325: 19 2 2 2 2 2 2 2 2 2 2 2 2 3 5 5 1 1 1 1
Case #326: 21 3 3 3 5 5 7 1 1 1 1 1 1 1 1 1 1 1 1 1 1 1
Case #327: 27 2 2 2 2 2 2 2 2 2 2 2 2 3 1 1 1 1 1 1 1 1 1 1 1 1 1 1
Case #328: -1
Case #329: 15 2 2 2 2 3 3 3 3 5 11 1 1 1 1 1
Case #330: 27 2 2 2 2 2 2 5 5 1 1 1 1 1 1 1 1 1 1 1 1 1 1 1 1 1 1 1
Case #331: 23 2 2 17 1 1 1 1 1 1 1 1 1 1 1 1 1 1 1 1 1 1 1 1
Case #332: 18 2 2 2 3 3 3 3 3 11 1 1 1 1 1 1 1 1 1
Case #333: -1
Case #334: 17 2 2 2 2 2 2 2 2 3 3 7 7 1 1 1 1 1
Case #335: 25 2 2 3 5 5 5 1 1 1 1 1 1 1 1 1 1 1 1 1 1 1 1 1 1 1
Case #336: 25 1 1 1 1 1 1 1 1 1 1 1 1 1 1 1 1 1 1 1 1 1 1 1 1 17
Case #337: 24 2 2 2 3 3 3 5 5 1 1 1 1 1 1 1 1 1 1 1 1 1 1 1 1
Case #338: -1
Case #339: 13 2 2 3 3 5 7 13 1 1 1 1 1 1
Case #340: 17 2 2 2 2 5 5 5 5 5 1 1 1 1 1 1 1 1
Case #341: 36 1 1 1 1 1 1 1 1 1 1 1 1 1 1 1 1 1 1 1 1 1 1 1 1 1 1 1 1 1 1 1 1 1 1 1 6
Case #342: 32 2 2 2 7 1 1 1 1 1 1 1 1 1 1 1 1 1 1 1 1 1 1 1 1 1 1 1 1 1 1 1 1
Case #343: 12 2 2 2 2 2 3 3 5 17 1 1 1
Case #344: 19 2 2 3 3 3 3 7 7 1 1 1 1 1 1 1 1 1 1 1
Case #345: -1
Case #346: 28 2 3 3 3 3 5 1 1 1 1 1 1 1 1 1 1 1 1 1 1 1 1 1 1 1 1 1 1
Case #347: -1
Case #348: 18 2 2 2 2 2 2 2 3 3 3 3 3 7 1 1 1 1 1
Case #349: -1
Case #350: 32 2 2 2 3 3 3 1 1 1 1 1 1 1 1 1 1 1 1 1 1 1 1 1 1 1 1 1 1 1 1 1 1
Case #351: 14 2 3 3 3 5 5 13 1 1 1 1 1 1 1
Case #352: 41 1 1 1 1 1 1 1 1 1 1 1 1 1 1 1 1 1 1 1 1 1 1 1 1 1 1 1 1 1 1 1 1 1 1 1 1 1 1 1 1 1
Case #353: -1
Case #354: 20 1 1 1 1 1 1 1 1 1 1 1 1 1 1 1 1 1 1 1 22
Case #355: 24 2 2 2 2 2 2 2 2 2 2 2 2 2 5 1 1 1 1 1 1 1 1 1 1
Case #356: 19 2 2 2 2 2 2 2 2 3 3 5 7 1 1 1 1 1 1 1
Case #357: -1
Case #358: 26 2 2 2 2 2 2 2 2 2 7 1 1 1 1 1 1 1 1 1 1 1 1 1 1 1 1
Case #359: 29 1 1 1 1 1 1 1 1 1 1 1 1 1 1 1 1 1 1 1 1 1 1 1 1 1 1 1 1 13
Case #360: 21 2 2 2 2 2 2 2 2 3 11 1 1 1 1 1 1 1 1 1 1 1
Case #361: 25 2 2 2 2 2 2 2 2 2 2 2 2 2 2 3 1 1 1 1 1 1 1 1 1 1
Case #362: -1
Case #363: -1
Case #364: 18 2 2 2 2 2 2 2 2 2 5 5 7 1 1 1 1 1 1
Case #365: 11 2 2 29 1 1 1 1 1 1 1 1
Case #366: 21 2 2 2 2 2 2 3 5 5 5 1 1 1 1 1 1 1 1 1 1 1
Case #367: 18 2 3 3 3 5 7 7 1 1 1 1 1 1 1 1 1 1 1
Case #368: 20 2 5 17 1 1 1 1 1 1 1 1 1 1 1 1 1 1 1 1 1
Case #369: -1
Case #370: 25 3 3 3 3 5 5 1 1 1 1 1 1 1 1 1 1 1 1 1 1 1 1 1 1 1
Case #371: 17 2 2 2 2 2 2 2 2 2 2 5 5 7 1 1 1 1
Case #372: 21 2 2 19 1 1 1 1 1 1 1 1 1 1 1 1 1 1 1 1 1 1
Case #373: 15 2 2 2 2 2 2 3 5 5 11 1 1 1 1 1
Case #374: -1
Case #375: 21 2 2 2 2 3 3 3 3 3 7 1 1 1 1 1 1 1 1 1 1 1
Case #376: 17 2 2 2 2 2 2 3 3 3 13 1 1 1 1 1 1 1
Case #377: 20 2 2 2 3 3 5 11 1 1 1 1 1 1 1 1 1 1 1 1 1
Case #378: 14 2 2 2 5 5 5 7 7 1 1 1 1 1 1
Case #379: 18 2 2 2 2 2 2 2 2 2 3 3 3 3 3 5 1 1 1
Case #380: 18 2 2 2 2 2 3 3 3 5 5 5 1 1 1 1 1 1 1
Case #381: 31 2 2 2 2 7 1 1 1 1 1 1 1 1 1 1 1 1 1 1 1 1 1 1 1 1 1 1 1 1 1 1
Case #382: 11 2 2 2 2 2 2 3 11 13 1 1
Case #383: 17 2 2 2 2 2 2 2 2 3 3 3 11 1 1 1 1 1
Case #384: 22 2 2 2 2 2 2 2 3 3 5 5 1 1 1 1 1 1 1 1 1 1 1
Case #385: 3 5 17 19
Case #386: 12 2 29 1 1 1 1 1 1 1 1 1 1
Case #387: 21 2 2 2 2 2 2 2 2 2 2 11 1 1 1 1 1 1 1 1 1 1
Case #388: 24 2 2 2 2 2 2 2 2 2 2 2 3 5 1 1 1 1 1 1 1 1 1 1 1
Case #389: 16 2 2 2 2 2 2 2 2 2 3 5 11 1 1 1 1
Case #390: 16 2 2 2 2 2 3 3 3 3 7 7 1 1 1 1 1
Case #391: -1
Case #392: 21 2 2 2 2 2 2 3 3 3 3 3 3 3 1 1 1 1 1 1 1 1
Case #393: 10 2 3 3 5 11 13 1 1 1 1
Case #394: 18 2 3 3 3 3 3 3 5 7 1 1 1 1 1 1 1 1 1
Case #395: 29 2 2 3 5 5 1 1 1 1 1 1 1 1 1 1 1 1 1 1 1 1 1 1 1 1 1 1 1 1
Case #396: 18 2 3 3 3 5 13 1 1 1 1 1 1 1 1 1 1 1 1
Case #397: -1
Case #398: 22 2 2 2 2 2 2 2 5 5 5 1 1 1 1 1 1 1 1 1 1 1 1
Case #399: 13 2 2 2 2 3 3 5 17 1 1 1 1 1
Case #400: -1
Case #401: 18 2 2 2 2 2 3 3 3 3 11 1 1 1 1 1 1 1 1
Case #402: -1
Case #403: 34 2 2 2 3 3 1 1 1 1 1 1 1 1 1 1 1 1 1 1 1 1 1 1 1 1 1 1 1 1 1 1 1 1 1
Case #404: 22 2 2 2 2 2 3 7 7 1 1 1 1 1 1 1 1 1 1 1 1 1 1
Case #405: -1
Case #406: 15 2 2 2 2 3 5 7 11 1 1 1 1 1 1 1
Case #407: 10 1 1 1 1 1 1 1 1 1 32
Case #408: 24 2 2 2 2 2 2 2 2 2 2 2 2 2 3 3 1 1 1 1 1 1 1 1 1
Case #409: 10 2 31 1 1 1 1 1 1 1 1
Case #410: -1
Case #411: 25 3 3 13 1 1 1 1 1 1 1 1 1 1 1 1 1 1 1 1 1 1 1 1 1 1
Case #412: 14 2 3 3 5 5 5 5 7 1 1 1 1 1 1
Case #413: 32 2 3 7 1 1 1 1 1 1 1 1 1 1 1 1 1 1 1 1 1 1 1 1 1 1 1 1 1 1 1 1 1
Case #414: -1
Case #415: 26 2 3 3 3 3 7 1 1 1 1 1 1 1 1 1 1 1 1 1 1 1 1 1 1 1 1
Case #416: 22 2 2 2 2 2 2 2 2 2 3 3 3 5 1 1 1 1 1 1 1 1 1
Case #417: 20 2 2 2 3 3 3 3 3 3 3 5 1 1 1 1 1 1 1 1 1
Case #418: -1
Case #419: 25 2 2 2 2 2 2 3 3 7 1 1 1 1 1 1 1 1 1 1 1 1 1 1 1 1
Case #420: 18 2 2 2 2 2 3 3 3 3 5 7 1 1 1 1 1 1 1
Case #421: 13 2 2 2 2 2 2 3 3 7 13 1 1 1
Case #422: 18 2 2 2 2 2 2 2 5 13 1 1 1 1 1 1 1 1 1
Case #423: 16 2 2 2 2 2 2 2 2 2 2 2 3 7 7 1 1
Case #424: 9 2 2 31 1 1 1 1 1 1
Case #425: 14 2 2 2 3 3 3 3 3 5 5 7 1 1 1
Case #426: 18 2 2 2 3 3 3 3 5 5 5 1 1 1 1 1 1 1 1
Case #427: 15 2 2 2 2 2 2 3 3 3 5 11 1 1 1 1
Case #428: 11 2 2 2 2 2 2 3 7 17 1 1
Case #429: -1
Case #430: 23 2 2 2 2 3 7 7 1 1 1 1 1 1 1 1 1 1 1 1 1 1 1 1
Case #431: 28 2 3 11 1 1 1 1 1 1 1 1 1 1 1 1 1 1 1 1 1 1 1 1 1 1 1 1 1
Case #432: -1
Case #433: 15 2 2 2 2 7 17 1 1 1 1 1 1 1 1 1
Case #434: 31 2 2 2 2 2 2 3 3 1 1 1 1 1 1 1 1 1 1 1 1 1 1 1 1 1 1 1 1 1 1 1
Case #435: 25 2 2 2 2 3 3 3 3 5 1 1 1 1 1 1 1 1 1 1 1 1 1 1 1 1
Case #436: 19 2 2 2 2 2 2 3 3 3 5 7 1 1 1 1 1 1 1 1
Case #437: 20 2 2 2 2 2 3 5 5 7 1 1 1 1 1 1 1 1 1 1 1
Case #438: -1
Case #439: 17 2 2 2 2 2 2 2 2 3 5 5 7 1 1 1 1 1
Case #440: 24 1 1 1 1 1 1 1 1 1 1 1 1 1 1 1 1 1 1 1 1 1 1 1 18
Case #441: 21 2 2 2 2 2 2 2 2 2 2 3 3 3 3 3 1 1 1 1 1 1
Case #442: -1
Case #443: 18 2 2 2 3 5 5 5 7 1 1 1 1 1 1 1 1 1 1
Case #444: 23 2 2 2 2 2 2 2 2 2 2 2 2 3 3 3 1 1 1 1 1 1 1 1
Case #445: 20 2 2 2 2 2 2 2 2 2 3 3 3 3 3 3 1 1 1 1 1
Case #446: 12 2 3 3 5 5 5 5 5 5 1 1 1
Case #447: 21 2 2 2 2 2 2 2 2 3 3 3 3 5 1 1 1 1 1 1 1 1
Case #448: 12 2 2 2 3 3 3 5 5 13 1 1 1
Case #449: 19 2 2 2 2 3 3 3 3 3 5 5 1 1 1 1 1 1 1 1
Case #450: 20 2 2 2 5 5 11 1 1 1 1 1 1 1 1 1 1 1 1 1 1
Case #451: -1
Case #452: 16 2 2 2 3 3 3 3 3 3 11 1 1 1 1 1 1
Case #453: -1
Case #454: -1
Case #455: 19 2 2 2 2 2 2 5 13 1 1 1 1 1 1 1 1 1 1 1
Case #456: 12 2 3 3 3 3 3 5 5 11 1 1 1
Case #457: -1
Case #458: 20 2 2 2 2 2 2 2 2 2 2 2 3 5 5 1 1 1 1 1 1
Case #459: 23 2 2 2 2 2 2 2 2 2 2 2 2 2 2 3 3 1 1 1 1 1 1 1
Case #460: 14 2 3 3 3 3 5 5 11 1 1 1 1 1 1
Case #461: -1
Case #462: 37 1 1 1 1 1 1 1 1 1 1 1 1 1 1 1 1 1 1 1 1 1 1 1 1 1 1 1 1 1 1 1 1 1 1 1 1 5
Case #463: 17 2 2 2 2 3 3 3 3 3 3 3 3 5 1 1 1 1
Case #464: -1
Case #465: -1
Case #466: 16 2 2 2 2 2 3 3 3 3 3 11 1 1 1 1 1
Case #467: 23 2 2 2 2 2 2 5 5 5 1 1 1 1 1 1 1 1 1 1 1 1 1 1
Case #468: 19 2 2 2 2 3 3 5 5 7 1 1 1 1 1 1 1 1 1 1
Case #469: 16 2 2 2 2 2 3 3 3 3 5 5 5 1 1 1 1
Case #470: 27 2 2 3 3 3 3 5 1 1 1 1 1 1 1 1 1 1 1 1 1 1 1 1 1 1 1 1
Case #471: 17 2 2 2 2 3 5 5 5 7 1 1 1 1 1 1 1 1
Case #472: 14 2 2 2 2 2 3 3 5 5 5 7 1 1 1
Case #473: -1
Case #474: 29 2 2 2 2 2 2 2 2 2 2 3 1 1 1 1 1 1 1 1 1 1 1 1 1 1 1 1 1 1
Case #475: 17 1 1 1 1 1 1 1 1 1 1 1 1 1 1 1 1 25
Case #476: 27 2 2 13 1 1 1 1 1 1 1 1 1 1 1 1 1 1 1 1 1 1 1 1 1 1 1 1
Case #477: 21 2 2 2 2 2 2 2 2 2 2 2 2 2 2 7 1 1 1 1 1 1
Case #478: 24 2 2 2 2 2 2 2 2 2 3 7 1 1 1 1 1 1 1 1 1 1 1 1 1
Case #479: 14 2 2 2 2 2 3 3 3 5 7 7 1 1 1
Case #480: 18 2 2 2 5 5 7 7 1 1 1 1 1 1 1 1 1 1 1
Case #481: 22 2 2 2 2 2 2 2 3 3 3 3 3 3 1 1 1 1 1 1 1 1 1
Case #482: 15 2 2 2 2 2 2 3 3 5 13 1 1 1 1 1
Case #483: 19 2 2 2 2 2 2 3 3 3 3 3 3 5 1 1 1 1 1 1
Case #484: 14 2 2 2 3 3 3 7 13 1 1 1 1 1 1
Case #485: -1
Case #486: 20 2 2 2 2 2 3 3 3 3 3 3 3 3 1 1 1 1 1 1 1
Case #487: 17 2 2 3 3 5 5 11 1 1 1 1 1 1 1 1 1 1
Case #488: 13 2 2 2 2 3 3 5 5 7 7 1 1 1
Case #489: 21 3 3 5 5 5 5 1 1 1 1 1 1 1 1 1 1 1 1 1 1 1
Case #490: -1
Case #491: 16 2 2 2 2 2 2 2 3 3 5 5 7 1 1 1 1
Case #492: 21 2 2 2 2 3 3 3 11 1 1 1 1 1 1 1 1 1 1 1 1 1
Case #493: 32 1 1 1 1 1 1 1 1 1 1 1 1 1 1 1 1 1 1 1 1 1 1 1 1 1 1 1 1 1 1 1 10
Case #494: 39 1 1 1 1 1 1 1 1 1 1 1 1 1 1 1 1 1 1 1 1 1 1 1 1 1 1 1 1 1 1 1 1 1 1 1 1 1 1 3
Case #495: 18 2 2 2 3 3 5 7 7 1 1 1 1 1 1 1 1 1 1
Case #496: 17 2 2 2 2 2 2 2 2 2 2 3 13 1 1 1 1 1
Case #497: 22 2 2 2 3 3 3 3 3 3 3 3 1 1 1 1 1 1 1 1 1 1 1
Case #498: 18 2 2 2 2 2 3 17 1 1 1 1 1 1 1 1 1 1 1
Case #499: 14 2 3 3 3 3 3 3 3 5 5 5 1 1 1
Case #500: 18 2 2 2 3 3 3 3 7 7 1 1 1 1 1 1 1 1 1
Case #501: -1
Case #502: 19 2 2 2 2 2 2 2 2 2 2 3 3 5 5 1 1 1 1 1
Case #503: 26 2 2 2 3 3 5 5 1 1 1 1 1 1 1 1 1 1 1 1 1 1 1 1 1 1 1
Case #504: -1
Case #505: 17 2 2 7 7 11 1 1 1 1 1 1 1 1 1 1 1 1
Case #506: 11 2 2 2 2 3 5 5 5 13 1 1
Case #507: 22 2 2 2 2 2 3 3 3 3 3 3 3 1 1 1 1 1 1 1 1 1 1
Case #508: 25 2 2 3 3 3 3 7 1 1 1 1 1 1 1 1 1 1 1 1 1 1 1 1 1 1
Case #509: 28 2 7 7 1 1 1 1 1 1 1 1 1 1 1 1 1 1 1 1 1 1 1 1 1 1 1 1 1
Case #510: -1
Case #511: 19 2 2 2 2 3 7 11 1 1 1 1 1 1 1 1 1 1 1 1
Case #512: 17 2 2 2 2 2 2 3 3 3 3 3 3 3 5 1 1 1
Case #513: -1
Case #514: 14 2 2 2 2 2 2 2 3 3 7 11 1 1 1
Case #515: 35 2 2 2 2 2 2 1 1 1 1 1 1 1 1 1 1 1 1 1 1 1 1 1 1 1 1 1 1 1 1 1 1 1 1 1
Case #516: 23 2 2 2 2 2 2 3 5 7 1 1 1 1 1 1 1 1 1 1 1 1 1 1
Case #517: 17 2 2 2 2 3 3 3 5 11 1 1 1 1 1 1 1 1
Case #518: 12 2 3 3 3 3 5 5 7 7 1 1 1
Case #519: 10 2 3 3 3 5 11 11 1 1 1
Case #520: 23 2 2 2 2 2 2 3 3 3 3 5 1 1 1 1 1 1 1 1 1 1 1 1
Case #521: 21 5 17 1 1 1 1 1 1 1 1 1 1 1 1 1 1 1 1 1 1 1
Case #522: -1
Case #523: 18 2 2 2 2 2 2 2 3 3 5 5 5 1 1 1 1 1 1
Case #524: 19 2 2 2 2 2 2 2 2 2 2 3 3 3 3 5 1 1 1 1
Case #525: -1
Case #526: -1
Case #527: 20 2 2 2 3 3 3 3 3 3 7 1 1 1 1 1 1 1 1 1 1
Case #528: 11 3 29 1 1 1 1 1 1 1 1 1
Case #529: 23 2 2 2 2 2 2 2 2 3 3 3 5 1 1 1 1 1 1 1 1 1 1 1
Case #530: 18 2 2 2 2 2 3 3 3 3 3 3 3 5 1 1 1 1 1
Case #531: 8 2 2 2 3 13 17 1 1
Case #532: -1
Case #533: 13 2 2 3 3 3 3 7 13 1 1 1 1 1
Case #534: 25 2 2 3 3 5 7 1 1 1 1 1 1 1 1 1 1 1 1 1 1 1 1 1 1 1
Case #535: 21 1 1 1 1 1 1 1 1 1 1 1 1 1 1 1 1 1 1 1 1 21
Case #536: 15 2 2 2 2 2 2 2 2 5 5 11 1 1 1 1
Case #537: 23 2 2 3 3 13 1 1 1 1 1 1 1 1 1 1 1 1 1 1 1 1 1 1
Case #538: 22 2 3 17 1 1 1 1 1 1 1 1 1 1 1 1 1 1 1 1 1 1 1
Case #539: 14 2 2 2 3 3 3 3 7 11 1 1 1 1 1
Case #540: -1
Case #541: 12 2 2 2 2 2 3 5 5 5 11 1 1
Case #542: 29 2 2 2 2 2 2 7 1 1 1 1 1 1 1 1 1 1 1 1 1 1 1 1 1 1 1 1 1 1
Case #543: -1
Case #544: -1
Case #545: 14 2 2 2 2 2 3 3 5 5 11 1 1 1 1
Case #546: 19 2 2 2 2 2 2 3 3 5 5 5 1 1 1 1 1 1 1 1
Case #547: 24 2 2 2 2 2 2 2 2 2 2 2 2 2 2 2 3 1 1 1 1 1 1 1 1
Case #548: 21 11 11 1 1 1 1 1 1 1 1 1 1 1 1 1 1 1 1 1 1 1
Case #549: 17 2 2 2 2 2 2 3 17 1 1 1 1 1 1 1 1 1
Case #550: 6 2 3 5 7 11 13
Case #551: -1
Case #552: 19 2 2 3 3 3 3 3 3 5 5 1 1 1 1 1 1 1 1 1
Case #553: 27 2 2 2 2 2 2 2 2 2 2 3 3 1 1 1 1 1 1 1 1 1 1 1 1 1 1 1
Case #554: 3 17 23 1
Case #555: 17 2 2 2 2 2 2 3 5 5 5 5 1 1 1 1 1 1
Case #556: 25 7 11 1 1 1 1 1 1 1 1 1 1 1 1 1 1 1 1 1 1 1 1 1 1 1
Case #557: 33 3 3 3 3 1 1 1 1 1 1 1 1 1 1 1 1 1 1 1 1 1 1 1 1 1 1 1 1 1 1 1 1 1
Case #558: -1
Case #559: 34 1 1 1 1 1 1 1 1 1 1 1 1 1 1 1 1 1 1 1 1 1 1 1 1 1 1 1 1 1 1 1 1 1 8
Case #560: 11 2 2 2 2 3 3 23 1 1 1 1
Case #561: 19 3 3 3 3 3 3 3 3 3 5 1 1 1 1 1 1 1 1 1
Case #562: 24 2 2 2 3 3 3 3 7 1 1 1 1 1 1 1 1 1 1 1 1 1 1 1 1
Case #563: 17 2 2 3 5 7 11 1 1 1 1 1 1 1 1 1 1 1
Case #564: 21 2 2 2 2 2 2 2 2 2 2 2 2 2 2 2 2 2 2 3 1 1
Case #565: 17 2 2 3 5 5 13 1 1 1 1 1 1 1 1 1 1 1
Case #566: 19 2 2 3 5 5 5 7 1 1 1 1 1 1 1 1 1 1 1 1
Case #567: 18 2 2 2 3 3 5 13 1 1 1 1 1 1 1 1 1 1 1
Case #568: 20 2 2 2 2 2 2 2 3 7 7 1 1 1 1 1 1 1 1 1 1
Case #569: -1
Case #570: -1
Case #571: 22 2 2 2 2 2 2 2 3 5 7 1 1 1 1 1 1 1 1 1 1 1 1
Case #572: 6 2 17 19 1 1 1
Case #573: 23 2 2 2 2 2 2 2 2 5 7 1 1 1 1 1 1 1 1 1 1 1 1 1
Case #574: 23 2 2 3 3 7 7 1 1 1 1 1 1 1 1 1 1 1 1 1 1 1 1 1
Case #575: 17 2 2 3 3 3 3 5 11 1 1 1 1 1 1 1 1 1
Case #576: 19 2 2 2 2 2 2 2 2 2 2 3 3 3 7 1 1 1 1 1
Case #577: 21 2 2 3 5 5 5 5 1 1 1 1 1 1 1 1 1 1 1 1 1 1
Case #578: -1
Case #579: 24 2 2 2 3 3 5 7 1 1 1 1 1 1 1 1 1 1 1 1 1 1 1 1 1
Case #580: 15 1 1 1 1 1 1 1 1 1 1 1 1 1 1 27
Case #581: 21 2 2 2 2 2 2 2 2 2 2 2 2 2 2 3 5 1 1 1 1 1
Case #582: 29 3 5 7 1 1 1 1 1 1 1 1 1 1 1 1 1 1 1 1 1 1 1 1 1 1 1 1 1 1
Case #583: 17 2 2 2 2 5 5 13 1 1 1 1 1 1 1 1 1 1
Case #584: 19 2 2 2 2 3 3 3 3 3 3 7 1 1 1 1 1 1 1 1
Case #585: 20 2 2 2 2 2 2 2 3 5 5 5 1 1 1 1 1 1 1 1 1
Case #586: 25 2 2 2 2 3 3 3 3 3 3 1 1 1 1 1 1 1 1 1 1 1 1 1 1 1
Case #587: 14 2 2 2 2 2 3 5 5 5 5 5 1 1 1
Case #588: 26 2 2 2 13 1 1 1 1 1 1 1 1 1 1 1 1 1 1 1 1 1 1 1 1 1 1
Case #589: 22 2 2 2 2 2 2 2 2 2 2 2 2 2 2 2 5 1 1 1 1 1 1
Case #590: 24 2 3 3 3 3 3 3 5 1 1 1 1 1 1 1 1 1 1 1 1 1 1 1 1
Case #591: 13 2 2 2 2 3 3 3 5 5 11 1 1 1
Case #592: 21 2 2 5 5 11 1 1 1 1 1 1 1 1 1 1 1 1 1 1 1 1
Case #593: -1
Case #594: 14 2 2 2 3 3 3 7 7 7 1 1 1 1 1
Case #595: 19 2 2 3 3 5 5 5 5 1 1 1 1 1 1 1 1 1 1 1
Case #596: -1
Case #597: -1
Case #598: -1
Case #599: 10 2 3 3 5 23 1 1 1 1 1
Case #600: -1
Case #601: 20 2 3 3 3 3 3 11 1 1 1 1 1 1 1 1 1 1 1 1 1
Case #602: 19 2 2 3 3 3 5 11 1 1 1 1 1 1 1 1 1 1 1 1
Case #603: 18 2 2 2 3 3 3 3 3 3 3 3 5 1 1 1 1 1 1
Case #604: 22 2 2 2 2 2 3 3 11 1 1 1 1 1 1 1 1 1 1 1 1 1 1
Case #605: 16 2 2 2 2 2 2 2 3 5 7 7 1 1 1 1 1
Case #606: 24 2 2 2 2 2 2 2 3 5 5 1 1 1 1 1 1 1 1 1 1 1 1 1 1
Case #607: 30 2 5 7 1 1 1 1 1 1 1 1 1 1 1 1 1 1 1 1 1 1 1 1 1 1 1 1 1 1 1
Case #608: 20 2 2 2 2 2 3 3 7 7 1 1 1 1 1 1 1 1 1 1 1
Case #609: 25 2 2 5 5 7 1 1 1 1 1 1 1 1 1 1 1 1 1 1 1 1 1 1 1 1
Case #610: 18 2 2 2 3 5 5 11 1 1 1 1 1 1 1 1 1 1 1
Case #611: 12 2 2 2 2 2 3 5 7 7 7 1 1
Case #612: 16 2 2 2 2 2 3 19 1 1 1 1 1 1 1 1 1
Case #613: -1
Case #614: 26 2 2 2 2 2 3 3 3 5 1 1 1 1 1 1 1 1 1 1 1 1 1 1 1 1 1
Case #615: 16 2 2 2 3 3 3 5 13 1 1 1 1 1 1 1 1
Case #616: 23 2 2 3 3 3 3 5 5 1 1 1 1 1 1 1 1 1 1 1 1 1 1 1
Case #617: -1
Case #618: 26 2 2 2 2 2 2 2 2 2 3 5 1 1 1 1 1 1 1 1 1 1 1 1 1 1 1
Case #619: 30 2 2 2 2 2 3 3 3 1 1 1 1 1 1 1 1 1 1 1 1 1 1 1 1 1 1 1 1 1 1
Case #620: -1
Case #621: 26 2 5 11 1 1 1 1 1 1 1 1 1 1 1 1 1 1 1 1 1 1 1 1 1 1 1
Case #622: -1
Case #623: 18 2 2 2 3 3 3 3 13 1 1 1 1 1 1 1 1 1 1
Case #624: 19 2 2 2 2 2 2 5 7 7 1 1 1 1 1 1 1 1 1 1
Case #625: 16 2 2 2 2 2 2 2 3 5 5 5 5 1 1 1 1
Case #626: 24 2 3 3 3 3 5 5 1 1 1 1 1 1 1 1 1 1 1 1 1 1 1 1 1
Case #627: 13 2 2 5 5 7 7 7 1 1 1 1 1 1
Case #628: 17 2 2 3 3 3 17 1 1 1 1 1 1 1 1 1 1 1
Case #629: 18 2 2 2 2 2 2 2 2 2 2 2 3 11 1 1 1 1 1
Case #630: 17 2 2 3 3 3 5 5 5 5 1 1 1 1 1 1 1 1
Case #631: -1
Case #632: 10 2 2 2 3 5 7 7 11 1 1
Case #633: 15 2 2 3 3 3 3 3 3 3 5 7 1 1 1 1
Case #634: -1
Case #635: 20 2 2 2 2 2 2 2 2 2 3 3 3 7 1 1 1 1 1 1 1
Case #636: 17 2 2 2 2 3 3 3 3 3 5 7 1 1 1 1 1 1
Case #637: 14 2 2 2 2 2 2 2 3 5 5 5 7 1 1
Case #638: 15 2 2 3 3 3 3 5 5 5 5 1 1 1 1 1
Case #639: -1
Case #640: 16 2 2 2 3 3 3 3 3 7 7 1 1 1 1 1 1
Case #641: -1
Case #642: 24 2 2 2 3 3 11 1 1 1 1 1 1 1 1 1 1 1 1 1 1 1 1 1 1
Case #643: -1
Case #644: 26 2 2 2 2 2 2 2 2 2 2 2 5 1 1 1 1 1 1 1 1 1 1 1 1 1 1
Case #645: 13 2 2 3 3 3 3 3 17 1 1 1 1 1
Case #646: 18 2 3 3 5 5 5 7 1 1 1 1 1 1 1 1 1 1 1
Case #647: 24 2 2 2 2 2 3 3 5 5 1 1 1 1 1 1 1 1 1 1 1 1 1 1 1
Case #648: 15 2 2 2 2 2 2 2 2 3 7 11 1 1 1 1
Case #649: 22 2 2 2 2 2 2 2 2 2 2 2 2 2 3 3 3 1 1 1 1 1 1
Case #650: 20 2 3 3 3 3 7 7 1 1 1 1 1 1 1 1 1 1 1 1 1
Case #651: 31 2 2 3 3 5 1 1 1 1 1 1 1 1 1 1 1 1 1 1 1 1 1 1 1 1 1 1 1 1 1 1
Case #652: 18 2 2 2 2 2 2 2 2 2 2 2 3 3 5 5 1 1 1
Case #653: 15 2 2 2 2 3 3 3 5 7 7 1 1 1 1 1
Case #654: 15 2 2 2 2 3 3 5 5 11 1 1 1 1 1 1
Case #655: 5 19 19 1 1 1
Case #656: 17 2 2 2 2 2 2 3 3 3 3 11 1 1 1 1 1 1
Case #657: 20 2 3 3 7 11 1 1 1 1 1 1 1 1 1 1 1 1 1 1 1
Case #658: -1
Case #659: 16 2 2 2 2 2 3 3 17 1 1 1 1 1 1 1 1
Case #660: 25 2 2 3 3 11 1 1 1 1 1 1 1 1 1 1 1 1 1 1 1 1 1 1 1 1
Case #661: 20 2 2 2 2 2 2 2 3 3 5 7 1 1 1 1 1 1 1 1 1
Case #662: 16 2 3 5 5 5 11 1 1 1 1 1 1 1 1 1 1
Case #663: 12 2 3 3 5 5 5 7 7 1 1 1 1
Case #664: 19 2 2 2 2 2 2 3 3 3 11 1 1 1 1 1 1 1 1 1
Case #665: 15 2 2 2 2 2 2 3 5 5 5 7 1 1 1 1
Case #666: 16 1 1 1 1 1 1 1 1 1 1 1 1 1 1 1 26
Case #667: -1
Case #668: -1
Case #669: 16 2 2 2 3 3 3 3 5 11 1 1 1 1 1 1 1
Case #670: -1
Case #671: 14 2 3 3 3 3 3 3 3 3 5 7 1 1 1
Case #672: 25 2 2 2 2 2 2 3 3 3 5 1 1 1 1 1 1 1 1 1 1 1 1 1 1 1
Case #673: 26 2 3 3 5 7 1 1 1 1 1 1 1 1 1 1 1 1 1 1 1 1 1 1 1 1 1
Case #674: 19 2 2 2 2 3 17 1 1 1 1 1 1 1 1 1 1 1 1 1
Case #675: 25 2 2 2 2 3 5 7 1 1 1 1 1 1 1 1 1 1 1 1 1 1 1 1 1 1
Case #676: -1
Case #677: 13 2 2 2 2 2 2 2 2 3 7 13 1 1
Case #678: 14 2 2 2 2 2 2 2 3 7 13 1 1 1 1
Case #679: -1
Case #680: 23 2 2 2 2 2 2 2 2 2 2 3 7 1 1 1 1 1 1 1 1 1 1 1
Case #681: 19 2 2 2 2 3 3 3 3 3 3 3 5 1 1 1 1 1 1 1
Case #682: 29 2 2 2 2 2 2 3 3 3 1 1 1 1 1 1 1 1 1 1 1 1 1 1 1 1 1 1 1 1
Case #683: 25 2 2 2 2 2 2 3 3 3 3 3 1 1 1 1 1 1 1 1 1 1 1 1 1 1
Case #684: 16 2 3 3 3 7 13 1 1 1 1 1 1 1 1 1 1
Case #685: -1
Case #686: 21 2 2 3 3 3 5 5 5 1 1 1 1 1 1 1 1 1 1 1 1 1
Case #687: 22 2 2 2 2 2 2 2 3 3 3 7 1 1 1 1 1 1 1 1 1 1 1
Case #688: 18 2 3 3 3 3 3 7 7 1 1 1 1 1 1 1 1 1 1
Case #689: 14 2 2 2 2 2 2 2 3 3 5 13 1 1 1
Case #690: 25 2 2 3 3 3 3 3 3 3 1 1 1 1 1 1 1 1 1 1 1 1 1 1 1 1
Case #691: 27 3 3 11 1 1 1 1 1 1 1 1 1 1 1 1 1 1 1 1 1 1 1 1 1 1 1 1
Case #692: 17 2 2 2 2 3 3 3 3 7 7 1 1 1 1 1 1 1
Case #693: 19 2 2 2 2 2 2 2 2 2 2 3 11 1 1 1 1 1 1 1
Case #694: -1
Case #695: 17 2 2 2 2 2 2 2 2 3 3 3 5 7 1 1 1 1
Case #696: 31 3 5 5 1 1 1 1 1 1 1 1 1 1 1 1 1 1 1 1 1 1 1 1 1 1 1 1 1 1 1 1
Case #697: 22 2 2 2 2 2 2 2 2 2 5 7 1 1 1 1 1 1 1 1 1 1 1
Case #698: 21 3 3 3 3 3 3 3 3 5 1 1 1 1 1 1 1 1 1 1 1 1
Case #699: 13 2 2 3 3 3 3 3 5 13 1 1 1 1
Case #700: 21 2 2 2 2 3 5 5 7 1 1 1 1 1 1 1 1 1 1 1 1 1
Case #701: 10 2 2 2 3 5 5 7 13 1 1
Case #702: 23 2 2 2 2 2 2 2 2 2 2 2 2 3 5 1 1 1 1 1 1 1 1 1
Case #703: 16 2 3 3 3 3 3 3 5 5 5 1 1 1 1 1 1
Case #704: 20 2 2 2 2 2 2 2 2 2 3 3 3 3 5 1 1 1 1 1 1
Case #705: 25 2 2 2 2 2 2 2 2 2 2 2 2 3 3 1 1 1 1 1 1 1 1 1 1 1
Case #706: 19 2 2 2 2 2 2 3 3 3 3 3 7 1 1 1 1 1 1 1
Case #707: -1
Case #708: 17 2 2 3 3 7 7 7 1 1 1 1 1 1 1 1 1 1
Case #709: 12 2 2 2 2 2 2 2 3 5 17 1 1
Case #710: -1
Case #711: 29 2 2 3 3 3 5 1 1 1 1 1 1 1 1 1 1 1 1 1 1 1 1 1 1 1 1 1 1 1
Case #712: 24 2 2 2 2 2 2 2 2 2 2 2 3 3 3 1 1 1 1 1 1 1 1 1 1
Case #713: 21 2 2 2 2 2 2 2 2 2 2 2 2 2 2 3 3 3 1 1 1 1
Case #714: 22 2 2 2 2 2 2 2 2 2 2 2 2 2 2 2 3 3 1 1 1 1 1
Case #715: 16 2 2 2 2 2 2 2 3 3 3 13 1 1 1 1 1
Case #716: 20 2 2 2 3 3 3 3 3 5 5 1 1 1 1 1 1 1 1 1 1
Case #717: 26 2 2 2 3 3 3 3 5 1 1 1 1 1 1 1 1 1 1 1 1 1 1 1 1 1 1
Case #718: 10 2 2 2 2 2 3 7 19 1 1
Case #719: 31 2 2 2 2 2 2 2 2 3 1 1 1 1 1 1 1 1 1 1 1 1 1 1 1 1 1 1 1 1 1 1
Case #720: 20 2 2 2 2 2 2 2 2 2 2 2 3 3 7 1 1 1 1 1 1
Case #721: -1
Case #722: -1
Case #723: 19 2 2 2 2 2 2 2 2 3 3 3 3 7 1 1 1 1 1 1
Case #724: 22 2 2 2 3 3 3 3 3 3 5 1 1 1 1 1 1 1 1 1 1 1 1
Case #725: 16 2 2 2 2 2 3 3 5 7 7 1 1 1 1 1 1
Case #726: 10 2 3 3 5 5 19 1 1 1 1
Case #727: 17 2 2 2 2 2 2 3 3 3 3 3 5 5 1 1 1 1
Case #728: 28 2 2 2 2 2 3 7 1 1 1 1 1 1 1 1 1 1 1 1 1 1 1 1 1 1 1 1 1
Case #729: 32 2 2 2 2 2 3 3 1 1 1 1 1 1 1 1 1 1 1 1 1 1 1 1 1 1 1 1 1 1 1 1 1
Case #730: 18 2 2 2 3 3 3 3 3 5 7 1 1 1 1 1 1 1 1
Case #731: 25 2 2 2 2 2 2 3 5 5 1 1 1 1 1 1 1 1 1 1 1 1 1 1 1 1
Case #732: -1
Case #733: 17 2 2 2 2 2 2 2 2 3 3 13 1 1 1 1 1 1
Case #734: 26 2 2 2 3 3 3 7 1 1 1 1 1 1 1 1 1 1 1 1 1 1 1 1 1 1 1
Case #735: 28 2 2 2 2 2 2 2 3 3 3 1 1 1 1 1 1 1 1 1 1 1 1 1 1 1 1 1 1
Case #736: 17 2 2 2 2 2 2 3 5 7 7 1 1 1 1 1 1 1
Case #737: 20 2 2 2 2 2 2 2 3 3 3 5 5 1 1 1 1 1 1 1 1
Case #738: 33 2 2 3 5 1 1 1 1 1 1 1 1 1 1 1 1 1 1 1 1 1 1 1 1 1 1 1 1 1 1 1 1 1
Case #739: 16 2 2 2 2 2 3 3 3 5 5 7 1 1 1 1 1
Case #740: 20 2 3 5 5 5 7 1 1 1 1 1 1 1 1 1 1 1 1 1 1
Case #741: 18 2 2 2 2 2 3 3 3 13 1 1 1 1 1 1 1 1 1
Case #742: 18 2 2 2 2 2 2 2 2 2 3 5 5 5 1 1 1 1 1
Case #743: 13 2 2 3 3 3 5 5 7 7 1 1 1 1
Case #744: -1
Case #745: -1
Case #746: 18 2 2 2 2 2 3 3 5 11 1 1 1 1 1 1 1 1 1
Case #747: 29 3 3 3 7 1 1 1 1 1 1 1 1 1 1 1 1 1 1 1 1 1 1 1 1 1 1 1 1 1
Case #748: 19 2 2 2 2 2 2 2 2 3 3 3 3 3 5 1 1 1 1 1
Case #749: 18 2 3 3 3 5 5 5 5 1 1 1 1 1 1 1 1 1 1
Case #750: -1
Case #751: 18 2 2 2 2 2 2 2 3 3 3 3 3 3 5 1 1 1 1
Case #752: 10 2 3 3 3 5 5 17 1 1 1
Case #753: 20 2 2 2 2 2 2 2 2 2 2 2 2 2 2 2 2 2 5 1 1
Case #754: 20 2 2 2 2 2 3 3 3 5 7 1 1 1 1 1 1 1 1 1 1
Case #755: 18 2 2 2 2 2 2 2 2 2 3 3 5 7 1 1 1 1 1
Case #756: -1
Case #757: 14 2 2 2 2 2 2 2 5 7 11 1 1 1 1
Case #758: 33 3 3 5 1 1 1 1 1 1 1 1 1 1 1 1 1 1 1 1 1 1 1 1 1 1 1 1 1 1 1 1 1 1
Case #759: -1
Case #760: 16 2 2 2 2 2 2 2 3 3 5 11 1 1 1 1 1
Case #761: 27 2 2 3 3 5 5 1 1 1 1 1 1 1 1 1 1 1 1 1 1 1 1 1 1 1 1 1
Case #762: 15 2 2 2 2 3 5 5 5 5 5 1 1 1 1 1
Case #763: 20 2 2 2 2 2 3 5 11 1 1 1 1 1 1 1 1 1 1 1 1
Case #764: 22 2 2 2 3 3 7 7 1 1 1 1 1 1 1 1 1 1 1 1 1 1 1
Case #765: -1
Case #766: 23 2 2 2 2 2 2 2 2 3 3 7 1 1 1 1 1 1 1 1 1 1 1 1
Case #767: 14 2 2 2 2 2 3 3 3 5 13 1 1 1 1
Case #768: -1
Case #769: 15 2 2 2 2 3 5 5 7 7 1 1 1 1 1 1
Case #770: 20 2 2 2 2 2 2 2 3 3 3 3 7 1 1 1 1 1 1 1 1
Case #771: 18 2 2 2 3 3 5 5 5 5 1 1 1 1 1 1 1 1 1
Case #772: 22 2 2 2 3 3 3 5 7 1 1 1 1 1 1 1 1 1 1 1 1 1 1
Case #773: 16 2 2 2 3 3 3 3 3 5 5 5 1 1 1 1 1
Case #774: 14 2 2 2 2 2 5 7 13 1 1 1 1 1 1
Case #775: 23 2 2 2 2 2 2 2 2 2 2 2 2 2 2 2 2 3 1 1 1 1 1 1
Case #776: 12 2 2 2 3 3 3 5 7 11 1 1 1
Case #777: -1
Case #778: -1
Case #779: -1
Case #780: -1
Case #781: 19 2 2 3 3 3 3 3 3 3 3 5 1 1 1 1 1 1 1 1
Case #782: 20 2 2 2 2 2 2 2 2 2 2 2 2 2 3 3 5 1 1 1 1
Case #783: 28 2 2 2 2 2 2 2 2 2 5 1 1 1 1 1 1 1 1 1 1 1 1 1 1 1 1 1 1
Case #784: 21 2 2 2 2 2 2 2 2 2 2 2 2 3 3 3 3 1 1 1 1 1
Case #785: 18 2 2 2 2 2 5 5 5 7 1 1 1 1 1 1 1 1 1
Case #786: 26 2 2 2 2 2 2 2 3 7 1 1 1 1 1 1 1 1 1 1 1 1 1 1 1 1 1
Case #787: -1
Case #788: 17 2 2 2 2 3 3 3 3 5 5 5 1 1 1 1 1 1
Case #789: 24 2 2 2 2 2 2 2 2 2 3 3 5 1 1 1 1 1 1 1 1 1 1 1 1
Case #790: 27 5 11 1 1 1 1 1 1 1 1 1 1 1 1 1 1 1 1 1 1 1 1 1 1 1 1 1
Case #791: -1
Case #792: 24 2 2 2 2 2 2 2 3 3 3 3 3 1 1 1 1 1 1 1 1 1 1 1 1
Case #793: 19 7 17 1 1 1 1 1 1 1 1 1 1 1 1 1 1 1 1 1
Case #794: 15 2 2 3 3 3 3 3 3 5 5 5 1 1 1 1
Case #795: 14 2 3 3 3 3 3 5 13 1 1 1 1 1 1
Case #796: 17 2 2 3 5 5 7 7 1 1 1 1 1 1 1 1 1 1
Case #797: 16 2 2 2 3 3 3 3 3 3 3 3 3 5 1 1 1
Case #798: 20 2 2 2 2 2 2 2 2 2 2 2 2 2 2 2 3 5 1 1 1
Case #799: 17 3 23 1 1 1 1 1 1 1 1 1 1 1 1 1 1 1
Case #800: 21 2 2 3 3 3 3 3 3 3 5 1 1 1 1 1 1 1 1 1 1 1
Case #801: 32 2 5 5 1 1 1 1 1 1 1 1 1 1 1 1 1 1 1 1 1 1 1 1 1 1 1 1 1 1 1 1 1
Case #802: 15 2 2 2 2 3 3 3 3 3 5 5 5 1 1 1
Case #803: 11 2 2 2 2 3 5 5 7 11 1 1
Case #804: 16 2 2 2 3 3 5 5 11 1 1 1 1 1 1 1 1
Case #805: 18 2 2 2 2 2 3 3 3 3 3 3 7 1 1 1 1 1 1
Case #806: 27 1 1 1 1 1 1 1 1 1 1 1 1 1 1 1 1 1 1 1 1 1 1 1 1 1 1 15
Case #807: -1
Case #808: 27 2 2 2 2 2 2 2 2 2 2 5 1 1 1 1 1 1 1 1 1 1 1 1 1 1 1 1
Case #809: 28 2 2 2 2 2 3 3 5 1 1 1 1 1 1 1 1 1 1 1 1 1 1 1 1 1 1 1 1
Case #810: 18 2 2 2 5 5 13 1 1 1 1 1 1 1 1 1 1 1 1
Case #811: 15 2 2 2 2 2 2 3 3 5 7 7 1 1 1 1
Case #812: 26 2 2 2 2 2 2 2 2 2 2 2 2 2 3 1 1 1 1 1 1 1 1 1 1 1 1
Case #813: 22 2 2 2 2 2 2 2 2 2 2 2 2 2 7 1 1 1 1 1 1 1 1
Case #814: 16 2 2 2 3 5 7 11 1 1 1 1 1 1 1 1 1
Case #815: -1
Case #816: 19 2 2 2 2 3 3 3 3 5 7 1 1 1 1 1 1 1 1 1
Case #817: 11 2 2 3 3 3 5 19 1 1 1 1
Case #818: 26 2 3 3 3 3 3 3 3 1 1 1 1 1 1 1 1 1 1 1 1 1 1 1 1 1 1
Case #819: 18 2 2 2 3 3 3 5 5 7 1 1 1 1 1 1 1 1 1
Case #820: 21 2 2 3 3 3 3 3 5 5 1 1 1 1 1 1 1 1 1 1 1 1
Case #821: 20 2 2 2 3 3 3 5 5 5 1 1 1 1 1 1 1 1 1 1 1
Case #822: 16 2 3 3 3 3 3 5 5 7 1 1 1 1 1 1 1
Case #823: 23 2 2 2 2 2 2 2 2 3 3 3 3 3 1 1 1 1 1 1 1 1 1 1
Case #824: -1
Case #825: 9 2 2 2 2 3 5 23 1 1
Case #826: -1
Case #827: -1
Case #828: 22 2 2 2 3 5 5 7 1 1 1 1 1 1 1 1 1 1 1 1 1 1 1
Case #829: -1
Case #830: -1
Case #831: 4 1 1 1 38
Case #832: 13 2 2 2 2 3 5 7 13 1 1 1 1 1
Case #833: 23 2 2 2 2 3 3 3 3 3 5 1 1 1 1 1 1 1 1 1 1 1 1 1
Case #834: 7 17 19 1 1 1 1 1
Case #835: -1
Case #836: 28 2 2 2 3 3 3 3 3 1 1 1 1 1 1 1 1 1 1 1 1 1 1 1 1 1 1 1 1
Case #837: -1
Case #838: 20 2 2 2 2 2 3 3 3 3 3 3 5 1 1 1 1 1 1 1 1
Case #839: 12 2 3 3 3 5 5 5 5 7 1 1 1
Case #840: 12 2 2 2 3 7 7 13 1 1 1 1 1
Case #841: -1
Case #842: 16 2 2 2 3 3 3 5 7 7 1 1 1 1 1 1 1
Case #843: 21 2 2 2 2 2 2 3 7 7 1 1 1 1 1 1 1 1 1 1 1 1
Case #844: 21 2 2 2 2 2 2 2 2 5 5 5 1 1 1 1 1 1 1 1 1 1
Case #845: -1
Case #846: 19 2 2 2 2 3 5 13 1 1 1 1 1 1 1 1 1 1 1 1
Case #847: 24 2 2 2 2 2 2 2 2 2 3 3 3 3 1 1 1 1 1 1 1 1 1 1 1
Case #848: 18 2 2 2 3 3 3 3 3 3 5 5 1 1 1 1 1 1 1
Case #849: 18 2 2 2 2 2 2 2 3 3 7 7 1 1 1 1 1 1 1
Case #850: -1
Case #851: -1
Case #852: 30 2 2 2 2 2 2 2 5 1 1 1 1 1 1 1 1 1 1 1 1 1 1 1 1 1 1 1 1 1 1
Case #853: 18 2 3 3 3 7 11 1 1 1 1 1 1 1 1 1 1 1 1
Case #854: 29 2 2 2 2 2 2 2 2 3 3 1 1 1 1 1 1 1 1 1 1 1 1 1 1 1 1 1 1 1
Case #855: 35 1 1 1 1 1 1 1 1 1 1 1 1 1 1 1 1 1 1 1 1 1 1 1 1 1 1 1 1 1 1 1 1 1 1 7
Case #856: 32 2 2 2 2 2 5 1 1 1 1 1 1 1 1 1 1 1 1 1 1 1 1 1 1 1 1 1 1 1 1 1 1
Case #857: 31 3 3 7 1 1 1 1 1 1 1 1 1 1 1 1 1 1 1 1 1 1 1 1 1 1 1 1 1 1 1 1
Case #858: -1
Case #859: 26 2 2 2 2 2 3 3 7 1 1 1 1 1 1 1 1 1 1 1 1 1 1 1 1 1 1
Case #860: 19 2 2 2 2 2 2 2 2 2 2 2 2 3 3 3 5 1 1 1
Case #861: 16 2 2 2 2 2 3 5 5 5 7 1 1 1 1 1 1
Case #862: 16 2 2 2 2 2 3 3 7 11 1 1 1 1 1 1 1
Case #863: 14 2 3 3 3 5 5 7 7 1 1 1 1 1 1
Case #864: 13 7 11 13 1 1 1 1 1 1 1 1 1 1
Case #865: -1
Case #866: 12 2 2 2 3 3 5 5 5 11 1 1 1
Case #867: 23 2 2 2 2 2 2 2 2 2 2 3 3 5 1 1 1 1 1 1 1 1 1 1
Case #868: 15 2 2 2 2 5 19 1 1 1 1 1 1 1 1 1
Case #869: 15 2 2 2 2 2 2 3 3 5 5 5 5 1 1 1
Case #870: -1
Case #871: 33 2 2 2 2 5 1 1 1 1 1 1 1 1 1 1 1 1 1 1 1 1 1 1 1 1 1 1 1 1 1 1 1 1
Case #872: 28 2 2 2 2 2 2 2 2 2 3 3 1 1 1 1 1 1 1 1 1 1 1 1 1 1 1 1 1
Case #873: 27 3 3 3 3 7 1 1 1 1 1 1 1 1 1 1 1 1 1 1 1 1 1 1 1 1 1 1
Case #874: -1
Case #875: 18 2 2 2 2 2 3 3 5 5 7 1 1 1 1 1 1 1 1
Case #876: -1
Case #877: 15 2 2 3 3 3 3 3 5 5 7 1 1 1 1 1
Case #878: 17 2 2 2 2 2 2 2 2 2 2 2 2 3 5 7 1 1
Case #879: 23 2 2 3 3 3 3 3 7 1 1 1 1 1 1 1 1 1 1 1 1 1 1 1
Case #880: 29 3 3 3 3 5 1 1 1 1 1 1 1 1 1 1 1 1 1 1 1 1 1 1 1 1 1 1 1 1
Case #881: 10 2 2 2 3 7 11 11 1 1 1
Case #882: 25 2 2 2 2 3 3 3 7 1 1 1 1 1 1 1 1 1 1 1 1 1 1 1 1 1
Case #883: 22 2 3 3 3 3 3 5 5 1 1 1 1 1 1 1 1 1 1 1 1 1 1
Case #884: -1
Case #885: 23 2 2 2 2 3 3 3 5 5 1 1 1 1 1 1 1 1 1 1 1 1 1 1
Case #886: -1
Case #887: 30 2 2 2 2 2 7 1 1 1 1 1 1 1 1 1 1 1 1 1 1 1 1 1 1 1 1 1 1 1 1
Case #888: 8 2 2 2 3 29 1 1 1
Case #889: 19 2 2 2 2 2 2 3 5 5 7 1 1 1 1 1 1 1 1 1
Case #890: 23 2 2 3 5 5 7 1 1 1 1 1 1 1 1 1 1 1 1 1 1 1 1 1
Case #891: 23 7 13 1 1 1 1 1 1 1 1 1 1 1 1 1 1 1 1 1 1 1 1 1
Case #892: 15 2 2 2 2 3 3 3 3 3 3 5 7 1 1 1
Case #893: 14 2 2 2 2 2 2 2 2 2 3 5 13 1 1
Case #894: 25 2 2 2 2 3 3 5 5 1 1 1 1 1 1 1 1 1 1 1 1 1 1 1 1 1
Case #895: 14 2 2 2 3 3 5 5 13 1 1 1 1 1 1
Case #896: 16 2 2 2 2 2 5 17 1 1 1 1 1 1 1 1 1
Case #897: 17 2 2 2 2 3 3 5 7 7 1 1 1 1 1 1 1 1
Case #898: 13 2 2 3 3 5 7 7 7 1 1 1 1 1
Case #899: 27 3 3 3 3 3 5 1 1 1 1 1 1 1 1 1 1 1 1 1 1 1 1 1 1 1 1 1
Case #900: 16 2 3 5 7 13 1 1 1 1 1 1 1 1 1 1 1
Case #901: -1
Case #902: 25 2 2 2 2 2 2 2 2 5 5 1 1 1 1 1 1 1 1 1 1 1 1 1 1 1
Case #903: 14 2 2 2 2 2 3 3 3 7 11 1 1 1 1
Case #904: -1
Case #905: 11 2 2 2 2 2 2 3 5 19 1 1
Case #906: 20 2 3 3 3 3 3 3 3 3 5 1 1 1 1 1 1 1 1 1 1
Case #907: 14 2 2 2 3 5 5 5 5 7 1 1 1 1 1
Case #908: 19 2 2 2 2 3 3 5 11 1 1 1 1 1 1 1 1 1 1 1
Case #909: 23 2 2 2 2 2 2 2 2 3 5 5 1 1 1 1 1 1 1 1 1 1 1 1
Case #910: 31 1 1 1 1 1 1 1 1 1 1 1 1 1 1 1 1 1 1 1 1 1 1 1 1 1 1 1 1 1 1 11
Case #911: 21 2 2 2 2 2 2 2 2 2 2 2 2 3 7 1 1 1 1 1 1 1
Case #912: 22 2 2 2 5 5 5 5 1 1 1 1 1 1 1 1 1 1 1 1 1 1 1
Case #913: -1
Case #914: -1
Case #915: 25 2 2 2 2 2 2 2 2 3 7 1 1 1 1 1 1 1 1 1 1 1 1 1 1 1
Case #916: 16 2 2 2 2 2 3 3 3 3 3 3 5 5 1 1 1
Case #917: 24 2 2 2 2 2 3 3 3 3 5 1 1 1 1 1 1 1 1 1 1 1 1 1 1
Case #918: 26 2 2 2 2 2 3 5 5 1 1 1 1 1 1 1 1 1 1 1 1 1 1 1 1 1 1
Case #919: 15 5 23 1 1 1 1 1 1 1 1 1 1 1 1 1
Case #920: 15 2 2 2 2 7 7 11 1 1 1 1 1 1 1 1
Case #921: 24 2 3 3 3 5 7 1 1 1 1 1 1 1 1 1 1 1 1 1 1 1 1 1 1
Case #922: -1
Case #923: 14 2 2 2 2 2 3 3 3 17 1 1 1 1 1
Case #924: 19 2 2 2 2 3 3 3 7 7 1 1 1 1 1 1 1 1 1 1
Case #925: 40 1 1 1 1 1 1 1 1 1 1 1 1 1 1 1 1 1 1 1 1 1 1 1 1 1 1 1 1 1 1 1 1 1 1 1 1 1 1 1 2
Case #926: 28 2 2 2 11 1 1 1 1 1 1 1 1 1 1 1 1 1 1 1 1 1 1 1 1 1 1 1 1
Case #927: 15 2 2 2 2 5 5 5 5 7 1 1 1 1 1 1
Case #928: 17 2 2 2 2 2 2 3 3 5 11 1 1 1 1 1 1 1
Case #929: 21 2 2 3 3 5 5 7 1 1 1 1 1 1 1 1 1 1 1 1 1 1
Case #930: 3 3 37 1
Case #931: 10 2 3 3 5 7 17 1 1 1 1
Case #932: 25 3 3 7 7 1 1 1 1 1 1 1 1 1 1 1 1 1 1 1 1 1 1 1 1 1
Case #933: 21 2 2 2 2 5 5 5 5 1 1 1 1 1 1 1 1 1 1 1 1 1
Case #934: 14 2 2 2 2 2 2 2 3 5 5 11 1 1 1
Case #935: 5 3 17 19 1 1
Case #936: 12 2 2 2 2 2 2 2 3 11 11 1 1
Case #937: 16 2 2 2 2 2 2 2 2 2 5 7 7 1 1 1 1
Case #938: -1
Case #939: 23 2 2 3 3 3 5 7 1 1 1 1 1 1 1 1 1 1 1 1 1 1 1 1
Case #940: 15 2 2 2 2 3 3 3 3 5 5 7 1 1 1 1
Case #941: -1
Case #942: 28 2 2 2 2 2 2 2 2 2 2 2 3 1 1 1 1 1 1 1 1 1 1 1 1 1 1 1 1
Case #943: 38 1 1 1 1 1 1 1 1 1 1 1 1 1 1 1 1 1 1 1 1 1 1 1 1 1 1 1 1 1 1 1 1 1 1 1 1 1 4
Case #944: 17 2 2 3 3 3 3 3 3 5 7 1 1 1 1 1 1 1
Case #945: -1
Case #946: 14 2 2 2 2 2 2 2 2 2 3 7 11 1 1
Case #947: 13 2 2 2 2 2 2 3 5 17 1 1 1 1
Case #948: 19 2 2 2 2 2 2 2 2 2 2 3 5 7 1 1 1 1 1 1
Case #949: 22 2 2 2 3 3 3 11 1 1 1 1 1 1 1 1 1 1 1 1 1 1 1
Case #950: 15 2 2 2 2 3 3 3 5 13 1 1 1 1 1 1
Case #951: 22 1 1 1 1 1 1 1 1 1 1 1 1 1 1 1 1 1 1 1 1 1 20
Case #952: -1
Case #953: -1
Case #954: 18 1 1 1 1 1 1 1 1 1 1 1 1 1 1 1 1 1 24
Case #955: -1
Case #956: 20 2 2 2 2 2 3 3 3 3 3 7 1 1 1 1 1 1 1 1 1
Case #957: 15 2 2 2 2 2 2 3 3 3 5 5 7 1 1 1
Case #958: 22 2 2 2 5 7 7 1 1 1 1 1 1 1 1 1 1 1 1 1 1 1 1
Case #959: 16 2 2 2 2 2 2 2 2 2 3 3 7 7 1 1 1
Case #960: -1
Case #961: 16 2 2 2 3 3 5 5 5 7 1 1 1 1 1 1 1
Case #962: 25 2 2 2 2 2 2 2 2 3 3 3 3 1 1 1 1 1 1 1 1 1 1 1 1 1
Case #963: 18 2 2 2 2 2 2 2 2 2 3 7 7 1 1 1 1 1 1
Case #964: 18 2 2 2 2 2 2 2 3 3 3 11 1 1 1 1 1 1 1
Case #965: 20 2 2 2 2 2 2 2 3 3 3 3 3 3 3 1 1 1 1 1 1
